spawn:
  world: spawn
  x: -57.46883538173905
  y: -14.0
  z: -56.40258573945344
  yaw: -0.07159755
  pitch: 0.599986
